15 15 11 10 15 13 10
4 4 3 3 4 3 2
4 4 3 3 4 3 2
1 1 1 1 1 1 0
0 1 1 1 1 0 0
5 5 4 4 5 4 2
0 1 1 1 1 0 0
5 5 4 4 5 4 2
0 1 1 1 1 0 0
4 5 4 3 4 3 2
1 1 1 1 1 1 0
1 1 1 1 1 0 0
5 5 4 3 5 3 2
0 1 1 1 1 0 0
5 5 4 4 5 4 2
0 1 1 1 1 0 0
5 5 4 3 5 3 2
1 1 1 1 1 1 0
3 4 3 3 4 3 1
2 2 2 2 2 1 0
0 1 1 1 1 0 0
5 5 4 4 5 4 2
0 1 1 1 1 0 0
5 5 4 4 5 4 2
0 1 1 1 1 0 0
4 5 4 3 4 3 2
1 1 1 1 1 1 0
0 1 1 1 1 0 0
5 5 4 4 5 4 2
0 1 1 1 1 0 0
5 5 4 4 5 4 2
0 1 1 1 1 0 0
4 5 4 3 4 3 2
1 1 1 1 1 1 0
2 2 2 2 2 1 0
4 4 3 3 4 3 1
0 1 1 1 1 0 0
5 5 4 4 5 4 2
0 1 1 1 1 0 0
5 5 4 4 5 4 2
0 1 1 1 1 0 0
4 5 4 3 4 3 2
1 1 1 1 1 1 0
0 1 1 1 1 0 0
5 5 4 4 5 4 2
0 1 1 1 1 0 0
5 5 4 4 5 4 2
0 1 1 1 1 0 0
4 5 4 3 4 3 2
1 1 1 1 1 1 0
0 1 1 1 1 0 0
5 5 4 4 5 4 2
0 1 1 1 1 0 0
5 5 4 4 5 4 2
0 1 1 1 1 0 0
4 5 4 3 4 3 2
1 1 1 1 1 1 0
3 3 3 2 3 2 1
3 3 2 2 3 2 1
0 1 1 1 1 0 0
5 5 4 4 5 4 2
0 1 1 1 1 0 0
5 5 4 4 5 4 2
0 1 1 1 1 0 0
4 5 4 3 4 3 2
1 1 1 1 1 1 0
0 1 1 1 1 0 0
5 5 4 4 5 4 2
0 1 1 1 1 0 0
5 5 4 4 5 4 2
0 1 1 1 1 0 0
4 5 4 3 4 3 2
1 1 1 1 1 1 0
1 1 2 1 1 1 0
4 4 3 3 4 3 2
0 1 1 1 1 0 0
5 5 4 4 5 4 2
0 1 1 1 1 0 0
5 5 4 3 5 4 2
0 1 1 1 1 0 0
4 4 3 3 4 3 2
1 2 2 2 2 1 0
0 1 1 1 1 0 0
5 5 4 4 5 4 2
0 1 1 1 1 0 0
5 5 4 4 5 4 2
0 1 1 1 1 0 0
4 5 4 3 4 3 2
1 1 1 1 1 1 0
0 1 1 1 1 0 0
5 5 4 4 5 4 2
0 1 1 1 1 0 0
5 5 4 4 5 4 2
0 1 1 1 1 0 0
4 5 4 3 4 3 2
1 1 1 1 1 1 0
2 2 2 2 2 2 0
3 4 3 3 4 2 1
0 1 1 1 1 0 0
5 5 4 4 5 4 2
0 1 1 1 1 0 0
5 5 4 4 5 4 2
15 15 15 15 15 15 15
15 15 15 15 15 15 15
15 15 15 15 15 15 15
15 15 15 15 15 15 15
15 15 15 15 15 15 15
15 15 15 15 15 15 15
15 15 15 15 15 15 15
15 15 15 15 15 15 15
15 15 15 15 15 15 15
15 15 15 15 15 15 15
15 15 15 15 15 15 15
15 15 15 15 15 15 15
15 15 15 15 15 15 15
15 15 15 15 15 15 15
15 15 15 15 15 15 15
15 15 15 15 15 15 15
15 15 15 15 15 15 15
15 15 15 15 15 15 15
15 15 15 15 15 15 15
15 15 15 15 15 15 15
15 15 15 15 15 15 15
15 15 15 15 15 15 15
15 15 15 15 15 15 15
15 15 13 12 15 15 11
15 15 15 15 15 15 15
15 15 13 12 15 15 11
15 15 15 15 15 15 15
15 15 13 12 15 15 11
15 15 15 15 15 15 15
15 15 15 15 15 15 14
15 15 15 14 15 15 14
15 15 15 15 15 15 15
15 15 13 12 15 15 11
15 15 15 15 15 15 15
15 15 12 11 15 13 10
15 15 15 15 15 15 15
15 15 15 13 15 15 13
15 15 15 15 15 15 15
15 15 15 15 15 15 15
15 15 15 15 15 15 15
15 15 15 15 15 15 15
15 15 15 15 15 15 15
15 15 15 15 15 15 15
15 15 15 15 15 15 15
15 15 15 15 15 15 15
15 15 15 15 15 15 15
15 15 15 15 15 15 15
15 15 15 15 15 15 15
15 15 15 15 15 15 15
15 15 15 15 15 15 15
15 15 15 15 15 15 15
15 15 15 15 15 15 15
15 15 15 15 15 15 15
15 15 15 15 15 15 15
15 15 15 15 15 15 15
15 15 15 15 15 15 15
15 15 15 15 15 15 15
15 15 15 15 15 15 15
15 15 15 15 15 15 15
15 15 15 15 15 15 15
15 15 15 15 15 15 15
15 15 15 15 15 15 15
15 15 15 15 15 15 15
15 15 15 15 15 15 15
15 15 15 15 15 15 15
15 15 15 15 15 15 15
15 15 15 15 15 15 15
15 15 15 15 15 15 15
15 15 15 15 15 15 15
15 15 15 15 15 15 15
15 15 15 15 15 15 15
15 15 15 15 15 15 15
15 15 15 15 15 15 15
15 15 15 15 15 15 15
15 15 15 15 15 15 15
15 15 15 15 15 15 15
15 15 15 15 15 15 15
15 15 15 15 15 15 15
15 15 15 15 15 15 15
15 15 15 15 15 15 15
15 15 15 15 15 15 15
15 15 15 15 15 15 15
15 15 15 15 15 15 15
15 15 15 15 15 15 15
15 15 15 15 15 15 15
15 15 15 15 15 15 15
15 15 15 15 15 15 15
15 15 15 15 15 15 15
15 15 15 15 15 15 15
15 15 15 15 15 15 15
15 15 15 15 15 15 15
15 15 15 15 15 15 15
15 15 15 15 15 15 15
15 15 15 15 15 15 15
15 15 15 15 15 15 15
15 15 15 15 15 15 15
15 15 15 15 15 15 15
15 15 15 15 15 15 15